10
(1,39393,25 6,30 6,16 7,13 9,3 6,27 6,28 1,22 3,1 3,8 4,11 7,20 6,9 2,5 7,12 4,7 8,2 4,19 3)
(2,25786,15 9,8 7,20 7,21 8,25 4,7 9,9 8,23 1,1 10,2 1,28 1,16 10,10 3,17 8,30 4,6 9,5 7,22 5,3 6,13 10,18 5)
(3,27727,2 10,24 1,5 2,19 6,10 10,8 10,1 1,20 4,28 7,4 6,6 8,29 6)
(4,42101,1 1,30 6,22 8,15 5,13 8,5 1,23 10,28 2,2 9)
(5,52003,14 4,9 5,3 8,1 3,25 1,19 6,2 5,28 10,6 7,10 5,11 4,30 5,16 2,29 4,26 10,17 10,20 2,22 4,21 9,4 2,18 3,24 4,7 6,27 3,15 5,12 7,23 8,13 3,8 9,5 8)
(6,1868,14 4,15 3,9 10,16 8,8 4,20 3,28 9)
(7,1044,19 9,29 1,12 6,1 1,2 5,15 10,18 3,30 2,9 1,27 3,25 4,7 10,23 8,6 5,14 3,20 3,5 2,4 1,17 10,16 10)
(8,41589,28 4,14 8,25 8,24 4,29 10,10 6,4 1,30 3,20 7,12 9,17 6,23 1,18 2,27 7)
(9,10861,16 10,29 3)
(10,7068,1 4,24 8,2 4,30 6,7 8,21 8)
