4237
(3242,1653)
(788,2311)
(2985,566)
(1672,1471)
(3477,1089)
(405,2778)
(2946,1314)
(3462,966)
(3762,2439)
(282,2130)
(1846,1382)
(2588,509)
(3164,2626)
(947,2644)
(3348,3113)
(2994,3621)
(3788,3328)
(654,1795)
(1471,3410)
(2371,2911)
(2675,731)
(380,2797)
(855,3426)
(2966,1587)
(1246,3478)
(1997,846)
(1179,1032)
(1073,707)
(3501,2888)
(79,1004)
(627,1372)
(2774,3519)
(974,564)
(497,3568)
(2179,2841)
(2937,2229)
(775,3254)
(740,1062)
(1539,82)
(2924,1943)
(2728,512)
(3720,2104)
(2350,2164)
(3568,1473)
(2053,3714)
(3534,3412)
(2057,716)
(3260,3187)
(3652,1768)
(3351,152)
(274,355)
(3365,1998)
(3087,3941)
(2206,639)
(2803,855)
(1710,1613)
(2339,621)
(1110,3850)
(3846,3198)
(3452,3680)
(2606,3508)
(3142,225)
(1023,1310)
(559,1321)
(1590,1063)
(3838,1260)
(349,458)
(3756,241)
(621,79)
(3008,976)
(106,144)
(365,1027)
(3341,1319)
(805,2290)
(205,2344)
(1101,2741)
(2990,1498)
(629,1115)
(241,3123)
(1800,3816)
(3741,3265)
(3956,2735)
(1393,3029)
(3748,1715)
(3460,282)
(3265,1570)
(1558,2299)
(354,3347)
(1567,1003)
(2087,545)
(1311,1803)
(1161,3827)
(236,1117)
(684,3907)
(2411,3090)
(2468,1973)
(2051,93)
(3842,2276)
(1866,3811)
(3817,2874)
(3334,623)
(2981,1670)
(3243,3837)
(793,3125)
(2208,353)
(3734,3755)
(2135,2548)
(2183,3389)
(1846,1394)
(2016,2937)
(3020,3039)
(971,3728)
(2780,210)
(3928,984)
(2677,2345)
(3581,3507)
(2533,2730)
(2119,2026)
(378,1284)
(1635,2787)
(1479,1610)
(2705,3452)
(3728,2198)
(3338,3794)
(984,3799)
(3266,2003)
(2452,3075)
(126,2811)
(2079,2996)
(3507,486)
(502,284)
(3188,3685)
(1521,3622)
(3553,950)
(2495,1122)
(2040,503)
(1522,3272)
(1326,2286)
(1328,2318)
(2003,482)
(757,3770)
(2651,967)
(1257,261)
(53,842)
(1979,2185)
(1915,1137)
(2763,2403)
(190,1212)
(896,2679)
(676,826)
(3822,2414)
(3191,1732)
(3214,2721)
(913,369)
(467,1866)
(2629,1805)
(2163,2856)
(2838,382)
(1355,3809)
(550,2681)
(23,1645)
(1255,1384)
(137,3807)
(3558,1290)
(2697,3562)
(2965,2762)
(2180,3325)
(1908,3167)
(465,3083)
(2159,2701)
(3809,3806)
(2227,1537)
(2707,3214)
(868,316)
(1750,1088)
(2106,347)
(2332,3675)
(538,769)
(1763,2159)
(2428,3718)
(2372,198)
(3301,2571)
(3464,1234)
(408,3632)
(154,1215)
(13,477)
(2161,1209)
(3084,1160)
(3843,791)
(3263,832)
(2790,1745)
(2265,97)
(2487,745)
(898,3118)
(2037,3811)
(1130,2867)
(1210,613)
(484,848)
(1398,1218)
(3663,3693)
(3529,1315)
(2145,1261)
(3430,2430)
(1406,1152)
(809,2048)
(2412,103)
(1496,3176)
(683,2277)
(3328,2601)
(3410,1810)
(1575,2512)
(1034,3603)
(567,1411)
(979,3587)
(3074,1566)
(1714,2413)
(554,1362)
(2509,2581)
(2601,3388)
(3826,3402)
(1810,3173)
(1676,3246)
(1420,2848)
(1566,1450)
(1369,384)
(3557,611)
(801,3664)
(524,1601)
(2498,1643)
(3246,3942)
(1464,3090)
(3034,3177)
(3261,801)
(2493,2839)
(3546,2134)
(3745,3226)
(2390,429)
(2168,3130)
(1515,2637)
(1586,3548)
(1136,1397)
(2911,2638)
(2446,305)
(1144,1903)
(420,2490)
(2745,2954)
(1828,2357)
(1358,985)
(844,3527)
(2009,2243)
(1418,3308)
(3069,3201)
(2892,3635)
(2649,3464)
(293,2291)
(1341,506)
(910,3733)
(1353,713)
(3042,2109)
(3156,18)
(2903,2121)
(970,3791)
(1388,3332)
(116,2537)
(2955,3915)
(975,3554)
(3018,1119)
(31,2333)
(2429,2860)
(2543,3625)
(2874,2281)
(3215,2952)
(1119,1431)
(2820,3779)
(2086,148)
(3257,3644)
(2818,220)
(1084,1709)
(63,3340)
(2285,2809)
(2573,378)
(1614,194)
(1239,2112)
(2876,2240)
(3744,990)
(435,2915)
(2957,2483)
(744,484)
(446,2772)
(823,1323)
(2545,2960)
(2549,1057)
(815,274)
(2640,3317)
(2806,2438)
(1602,2466)
(1292,123)
(1024,2968)
(664,3380)
(39,1547)
(3225,1981)
(3551,528)
(1788,2850)
(1697,3870)
(2438,1432)
(3153,2964)
(342,2643)
(1669,969)
(622,373)
(1339,1816)
(546,3430)
(2131,1950)
(1563,3565)
(486,2882)
(2850,3271)
(2374,1543)
(3683,1413)
(2594,3705)
(2604,3405)
(1504,3693)
(131,3071)
(1713,2814)
(2882,3647)
(2731,35)
(249,3058)
(2416,64)
(2321,1593)
(2976,1131)
(3657,2734)
(2136,3745)
(330,1861)
(20,1649)
(1618,3751)
(2361,2703)
(2028,1872)
(1678,2757)
(3217,585)
(451,1435)
(1593,3597)
(3608,1989)
(3349,1829)
(3751,1019)
(818,567)
(2829,3310)
(1502,1490)
(393,864)
(202,2683)
(3312,2253)
(2515,2971)
(640,1239)
(3209,3112)
(1829,3235)
(1353,2921)
(2878,19)
(2720,1333)
(2576,594)
(1937,2192)
(784,970)
(98,799)
(1087,2507)
(836,2859)
(1787,754)
(2218,3682)
(2256,1931)
(1011,3833)
(2618,3117)
(3344,986)
(1903,3818)
(3524,1850)
(525,3631)
(2721,1596)
(1542,3031)
(1251,1737)
(102,1958)
(3527,1420)
(6,3656)
(1519,2500)
(973,1760)
(1687,3576)
(250,3590)
(782,1920)
(3627,1509)
(3566,921)
(2138,520)
(1807,3181)
(2154,163)
(356,1558)
(3917,42)
(1076,2233)
(1308,2030)
(3963,2617)
(3230,889)
(3791,3376)
(2470,3368)
(1503,1985)
(3262,3566)
(929,3766)
(2564,2099)
(3347,2138)
(2639,10)
(3022,3157)
(1996,2118)
(1436,1125)
(3898,3121)
(709,2560)
(493,3289)
(2544,914)
(3959,209)
(3808,182)
(3702,1465)
(2171,1956)
(2035,3465)
(3157,2302)
(3382,2842)
(2635,228)
(3247,1398)
(829,2599)
(1991,1149)
(1189,2868)
(434,496)
(2948,2479)
(2151,720)
(3232,154)
(1612,3280)
(517,3107)
(1463,2895)
(2992,761)
(1300,3374)
(2041,2865)
(3337,2496)
(1657,3608)
(1298,1242)
(573,1203)
(46,1531)
(1186,3830)
(1362,3928)
(2608,6)
(3073,2078)
(320,3815)
(3942,276)
(920,3361)
(2110,2832)
(3417,3739)
(1462,2568)
(1064,2416)
(1606,2793)
(589,3944)
(1592,3696)
(759,3900)
(2625,778)
(3943,309)
(1424,3692)
(1509,1607)
(276,557)
(2126,1495)
(3275,917)
(3424,2169)
(3226,3949)
(1103,1034)
(1733,579)
(32,3013)
(1025,3654)
(778,3613)
(1465,2120)
(309,894)
(2997,3722)
(802,63)
(1550,2700)
(1257,3024)
(609,1706)
(1964,3669)
(3577,2355)
(1863,3190)
(3642,2929)
(1902,3845)
(2530,2177)
(2204,1971)
(2214,3719)
(1156,637)
(1340,311)
(3669,287)
(3919,2813)
(3559,433)
(3237,2881)
(3468,2245)
(700,272)
(3062,485)
(3465,1204)
(1599,2870)
(1927,2931)
(433,2528)
(83,1889)
(2587,1128)
(3052,2753)
(2130,3431)
(1297,264)
(1605,124)
(551,1507)
(2275,2493)
(1709,3541)
(2459,3160)
(3752,226)
(2724,3810)
(1054,1439)
(3387,1583)
(3579,3166)
(2753,1917)
(472,3640)
(489,1029)
(2517,3468)
(597,3138)
(1453,1095)
(2953,2629)
(1060,3371)
(2356,2920)
(1323,248)
(1320,271)
(1508,1307)
(842,3012)
(362,2377)
(3371,902)
(371,937)
(961,3556)
(2173,2249)
(991,28)
(2696,1188)
(2502,1006)
(2550,768)
(648,400)
(669,386)
(1600,3193)
(2895,3491)
(3487,3505)
(57,2365)
(1357,2759)
(1140,1408)
(1698,550)
(2211,1112)
(3556,3067)
(2247,2323)
(2941,3285)
(3369,512)
(1416,1686)
(3348,2550)
(969,330)
(3146,3591)
(2375,3913)
(271,3221)
(1458,1294)
(3360,3710)
(1092,2141)
(136,2382)
(1734,3729)
(2891,2375)
(1305,3958)
(1294,995)
(1391,1713)
(1828,3033)
(1451,3290)
(2382,3763)
(22,217)
(2055,1305)
(1019,3472)
(350,342)
(1104,3078)
(3290,2398)
(3390,2619)
(1544,981)
(727,1189)
(2444,1364)
(870,1582)
(2260,2070)
(2076,3686)
(3646,2499)
(2084,3708)
(3196,1717)
(1364,2588)
(310,3382)
(3594,2678)
(3116,2068)
(2619,3701)
(3300,1151)
(915,2956)
(3821,1702)
(2045,1834)
(1944,3802)
(2670,1265)
(1115,162)
(2141,3571)
(445,3826)
(2678,3866)
(151,983)
(1433,1697)
(1036,924)
(1240,3505)
(3305,1399)
(636,2337)
(3491,2307)
(1518,1229)
(2491,1786)
(374,2460)
(3915,3826)
(2560,3773)
(989,1299)
(2900,1136)
(924,1538)
(1745,1498)
(2391,1106)
(3295,2817)
(1158,2264)
(278,1501)
(2736,1690)
(1558,3104)
(3379,1169)
(3742,3288)
(513,877)
(1183,3939)
(2394,3292)
(1637,2616)
(754,1963)
(2231,2313)
(1286,1081)
(2252,1222)
(1783,2280)
(2535,395)
(1921,1521)
(518,1425)
(3892,1763)
(1006,1873)
(1287,1016)
(1321,1008)
(1859,3132)
(3206,193)
(3397,1266)
(1980,1650)
(1968,2578)
(1125,2400)
(2348,475)
(2085,44)
(206,1402)
(3783,898)
(936,428)
(311,2950)
(1334,1877)
(41,741)
(1403,3126)
(3053,256)
(3318,1980)
(298,3450)
(475,1201)
(1389,84)
(1732,695)
(352,1068)
(428,55)
(3024,2482)
(3665,1919)
(75,2582)
(1049,3557)
(2298,3584)
(169,2347)
(1122,1463)
(2019,219)
(1904,352)
(3160,1632)
(1660,645)
(232,3901)
(2239,2220)
(2542,3894)
(2215,2668)
(2582,3383)
(2249,821)
(1454,3358)
(339,1793)
(577,2953)
(982,2422)
(3829,3584)
(287,1673)
(152,818)
(1886,2489)
(3373,221)
(2894,1024)
(392,710)
(1835,2885)
(2464,250)
(2668,796)
(2772,2268)
(1371,619)
(3085,1001)
(2567,2922)
(2314,2686)
(3811,739)
(316,1148)
(2489,2798)
(3707,440)
(837,1141)
(619,3458)
(1001,3921)
(2726,1253)
(2710,1674)
(1016,1900)
(2896,1197)
(208,3638)
(579,915)
(1769,3384)
(2961,191)
(1050,628)
(357,2715)
(59,988)
(394,3526)
(2634,1622)
(3859,107)
(3715,3923)
(3554,3269)
(1022,2009)
(3539,1962)
(321,2359)
(570,1352)
(3163,3006)
(2316,2428)
(3855,51)
(314,1615)
(3666,62)
(2496,1870)
(959,2132)
(2058,2040)
(66,3376)
(2579,3677)
(375,1257)
(3255,3011)
(691,2411)
(1643,1568)
(139,1948)
(902,2801)
(944,379)
(1204,1263)
(463,1502)
(2600,3028)
(2383,2015)
(1168,2636)
(2556,2098)
(1839,1905)
(3596,850)
(3897,2502)
(2857,1996)
(1845,2831)
(10,2791)
(3159,1100)
(2801,788)
(3607,1828)
(1384,1082)
(1759,2087)
(2077,2122)
(1901,451)
(602,2179)
(1547,3721)
(2400,3441)
(1218,2525)
(2100,3169)
(3920,2157)
(657,2675)
(3591,2793)
(895,1392)
(3393,2891)
(995,1907)
(2270,804)
(1679,2815)
(3888,2824)
(3681,490)
(1160,1447)
(3057,1267)
(1245,2454)
(824,347)
(3716,1070)
(3604,600)
(1396,531)
(1751,1291)
(3870,1858)
(3519,3393)
(2893,2055)
(2420,1477)
(1907,497)
(2367,3666)
(719,892)
(934,1539)
(1264,1774)
(460,70)
(3399,590)
(2054,2893)
(2467,164)
(300,3444)
(3244,143)
(144,3509)
(3269,1091)
(3775,2858)
(2018,737)
(1123,3239)
(892,3877)
(3804,3346)
(70,3365)
(1342,189)
(3725,1324)
(2230,3846)
(1564,3661)
(665,337)
(660,1853)
(3186,3004)
(3239,2606)
(499,1059)
(3284,3617)
(1475,3652)
(1786,2473)
(1310,2551)
(2684,331)
(1970,2440)
(90,533)
(2147,3330)
(3456,3934)
(17,114)
(3938,532)
(903,1026)
(3755,3543)
(2081,3279)
(2032,415)
(2473,3741)
(1819,2324)
(3208,3498)
(3662,3738)
(2609,1968)
(1844,90)
(1419,3476)
(3100,1707)
(717,2076)
(2702,2390)
(2108,3134)
(516,2429)
(12,851)
(2656,3619)
(2870,1330)
(334,1134)
(3175,126)
(67,1778)
(1425,3504)
(1095,328)
(3479,2552)
(2324,2147)
(473,3236)
(1581,2468)
(239,3473)
(2654,643)
(1526,3139)
(2546,252)
(211,1862)
(3672,3467)
(3401,2608)
(2998,2325)
(474,2927)
(1942,1278)
(1379,529)
(2918,2217)
(1053,3469)
(3805,2862)
(1266,3202)
(712,3248)
(427,1377)
(1279,2450)
(3781,2310)
(1177,3581)
(2062,3102)
(1111,2178)
(1027,1369)
(1201,3224)
(2773,3276)
(616,3043)
(55,2589)
(1793,3419)
(1848,948)
(2482,3294)
(2657,3183)
(201,1624)
(1715,128)
(114,3732)
(3839,3630)
(2074,2501)
(2345,3796)
(1315,2334)
(1651,3472)
(1985,341)
(3010,14)
(3005,626)
(562,1912)
(3439,1904)
(1631,1579)
(3294,2533)
(964,3373)
(3693,2886)
(3132,1749)
(2501,1743)
(3245,941)
(2763,732)
(992,3957)
(2922,1589)
(1556,1947)
(207,2453)
(2977,2495)
(2138,1639)
(40,2071)
(3708,1293)
(1448,2517)
(2481,438)
(3264,1504)
(101,2504)
(3309,3662)
(3253,2274)
(3236,939)
(2986,630)
(2902,3082)
(1309,1938)
(3458,916)
(117,3199)
(698,813)
(3198,2340)
(2666,1355)
(3080,3114)
(1009,254)
(3476,2127)
(1426,3929)
(2695,2469)
(811,3612)
(3122,1693)
(108,1848)
(2875,1018)
(439,1933)
(1332,2564)
(3192,2912)
(1065,146)
(2221,997)
(1368,2200)
(3620,991)
(2272,2139)
(3435,3363)
(740,2257)
(2622,436)
(3743,2742)
(1728,2383)
(192,518)
(1107,698)
(1259,1482)
(3625,2426)
(2562,2387)
(3645,2962)
(3363,3651)
(3270,511)
(2329,359)
(2219,3525)
(289,3599)
(735,2718)
(2112,2303)
(473,2449)
(637,3777)
(1401,1289)
(3475,2494)
(2777,238)
(3861,3094)
(188,3589)
(1361,2204)
(403,2013)
(3131,33)
(1718,3639)
(1993,1726)
(1490,3492)
(3802,1316)
(3793,3609)
(2155,2553)
(3726,2775)
(238,3549)
(2644,962)
(3110,1937)
(688,3471)
(1726,683)
(1931,1864)
(2034,1159)
(2751,2189)
(3304,1687)
(1317,3883)
(2885,1659)
(1359,673)
(296,968)
(2078,2316)
(2259,2687)
(2052,2049)
(3000,2364)
(755,2317)
(3580,577)
(1166,3074)
(1139,1043)
(1329,1694)
(912,2298)
(3216,480)
(673,1676)
(677,1112)
(1116,3000)
(3691,2446)
(804,375)
(1707,117)
(3259,2561)
(3936,3683)
(1794,2829)
(2316,2995)
(1527,871)
(2278,1983)
(495,508)
(3077,2477)
(2591,417)
(3170,3545)
(149,646)
(1854,1225)
(567,3150)
(2757,654)
(790,1592)
(1622,3758)
(123,1120)
(1634,1603)
(1914,1514)
(2440,200)
(2358,2095)
(3877,7)
(2691,258)
(1483,3336)
(2433,3886)
(773,1914)
(2235,2267)
(2213,3460)
(1162,3567)
(2271,947)
(3962,1247)
(1658,3602)
(1530,1406)
(1998,420)
(1811,1684)
(2267,68)
(2378,2575)
(3508,410)
(450,3626)
(199,2584)
(3960,1598)
(45,1883)
(1169,3234)
(3346,1286)
(1571,2448)
(1723,3264)
(1057,3822)
(1936,57)
(1850,2186)
(251,1009)
(1916,139)
(2407,3451)
(2754,700)
(1934,231)
(2149,2646)
(2884,113)
(1499,722)
(1647,702)
(753,85)
(1477,3227)
(2158,461)
(28,1934)
(1260,1051)
(2047,1054)
(2392,2569)
(3358,2092)
(1332,1468)
(3361,1011)
(3176,1192)
(2370,3529)
(988,3395)
(3274,679)
(3389,2779)
(765,2549)
(2251,60)
(192,3660)
(2477,3930)
(406,1238)
(953,3163)
(599,2554)
(2835,1599)
(1987,2910)
(2341,2894)
(2584,2925)
(544,2369)
(2139,3208)
(62,2223)
(3816,873)
(1973,2295)
(2096,1226)
(1954,262)
(2916,582)
(1296,802)
(3684,1677)
(3820,1784)
(1911,2852)
(314,3145)
(2202,2796)
(2816,2113)
(448,1080)
(2836,39)
(2295,3225)
(3517,1185)
(3849,2621)
(3767,406)
(2868,1219)
(2839,1493)
(1861,3339)
(2852,852)
(2563,3057)
(3765,3463)
(1409,367)
(3307,2023)
(3402,2657)
(3111,1868)
(3560,3466)
(2988,1568)
(3413,2595)
(2758,142)
(2307,45)
(3587,1484)
(3250,814)
(2474,307)
(2557,3933)
(398,27)
(2620,1241)
(2527,2981)
(1743,542)
(134,336)
(1580,2353)
(1380,760)
(1058,2900)
(955,1818)
(2797,3453)
(638,2827)
(921,885)
(1410,3041)
(3710,959)
(1434,334)
(3851,867)
(3499,519)
(3571,3440)
(3291,1388)
(3048,283)
(3230,1586)
(2506,2999)
(3453,1055)
(3414,2125)
(3168,2697)
(1589,92)
(867,2515)
(1105,1525)
(3182,1510)
(2346,281)
(1213,3753)
(833,578)
(2305,2126)
(2125,1906)
(1804,3007)
(1559,1846)
(2465,853)
(3757,2806)
(692,3038)
(3407,2423)
(1721,3627)
(563,2529)
(1020,3755)
(501,2154)
(1842,78)
(3541,2903)
(3123,3418)
(3899,2228)
(2423,1698)
(107,431)
(3258,607)
(2628,1542)
(1376,2940)
(313,335)
(186,1200)
(2296,2140)
(3287,1731)
(2830,2905)
(2243,3890)
(2104,1144)
(360,3918)
(922,1483)
(1806,3839)
(1833,3786)
(591,818)
(1641,1337)
(3856,2451)
(3031,286)
(2905,1988)
(1013,3671)
(2876,3303)
(3927,3730)
(1852,1589)
(3918,2544)
(3661,1415)
(2484,787)
(3429,2419)
(252,3172)
(507,599)
(572,2807)
(3750,1822)
(3537,2739)
(2279,1773)
(2419,3128)
(2315,3546)
(1982,399)
(444,830)
(3574,2574)
(164,1642)
(1771,686)
(118,3861)
(1039,3291)
(3784,2846)
(3119,738)
(783,2410)
(2195,1874)
(26,1578)
(3740,1069)
(69,2163)
(64,912)
(1986,3213)
(760,3048)
(2674,856)
(1779,2116)
(965,751)
(1444,426)
(1887,3233)
(1796,2236)
(3336,3533)
(150,2143)
(639,2106)
(738,3417)
(1724,779)
(1450,759)
(2443,1437)
(3233,1145)
(2979,3648)
(1601,2625)
(1661,1854)
(3195,3016)
(426,3943)
(2343,1830)
(2786,1118)
(2804,1466)
(725,43)
(3555,573)
(2869,1172)
(3113,3646)
(3081,1733)
(1077,3027)
(2565,974)
(3149,3306)
(897,1635)
(3357,48)
(1753,9)
(2713,3702)
(840,1208)
(552,2982)
(716,3858)
(2063,1296)
(2383,865)
(326,3117)
(1046,1964)
(3804,3141)
(3522,721)
(1452,1350)
(1263,866)
(1738,3327)
(3955,2766)
(584,267)
(1155,514)
(1990,1389)
(722,3068)
(3489,86)
(2956,372)
(42,1799)
(3622,69)
(1893,1562)
(547,3191)
(2177,108)
(2616,1130)
(2226,3783)
(3629,1908)
(1630,615)
(1133,3052)
(88,3156)
(2426,1282)
(2761,40)
(1152,1378)
(281,2661)
(1021,691)
(2760,3416)
(2376,2051)
(2982,3)
(3603,1314)
(2904,3717)
(1113,3020)
(3500,503)
(2975,1811)
(1939,2913)
(1066,489)
(2471,1470)
(96,860)
(1830,1014)
(2863,3550)
(308,2540)
(3480,470)
(3689,1516)
(1191,3742)
(2268,26)
(3314,3725)
(1895,2246)
(2952,2612)
(2505,1288)
(1014,362)
(770,3338)
(617,3784)
(2439,797)
(3448,1440)
(3043,2880)
(2793,1533)
(852,938)
(3569,539)
(3431,609)
(2756,2764)
(1229,1894)
(2665,3588)
(3609,1306)
(993,1422)
(3199,2066)
(3616,265)
(3564,3212)
(67,3884)
(3951,190)
(2401,2973)
(741,1017)
(2320,1826)
(938,1416)
(3913,2665)
(3786,2085)
(3071,634)
(2166,2557)
(3893,1349)
(265,1978)
(864,1990)
(113,550)
(1543,136)
(2304,2352)
(1992,3236)
(3346,1246)
(672,1571)
(668,3539)
(3958,2166)
(2071,1163)
(43,448)
(1774,3381)
(2671,2444)
(3922,517)
(2537,901)
(2212,1527)
(2951,1974)
(2532,772)
(2127,3489)
(1760,3484)
(437,2712)
(1795,2046)
(2971,3874)
(3181,822)
(3106,2053)
(3727,2263)
(742,2684)
(1457,1716)
(3544,2340)
(158,2119)
(3333,2669)
(3443,302)
(791,3286)
(2,1036)
(2702,954)
(3770,548)
(3656,694)
(2140,61)
(2263,3772)
(1127,2361)
(410,68)
(2683,389)
(2669,374)
(3713,1781)
(1040,2709)
(3193,1273)
(49,3787)
(1216,320)
(3503,3695)
(1815,2592)
(2311,278)
(3412,1959)
(1665,2937)
(1594,2436)
(3451,1790)
(1761,977)
(3415,203)
(1649,629)
(2317,3500)
(1273,2394)
(2393,3372)
(1677,1164)
(827,1999)
(909,131)
(3621,1004)
(731,1523)
(1989,1976)
(2451,2930)
(1561,2800)
(2059,175)
(3952,1685)
(975,2651)
(1689,494)
(3425,3436)
(914,3748)
(3098,1083)
(16,120)
(1523,1461)
(1506,653)
(2607,2576)
(227,1199)
(3060,3820)
(810,2774)
(1430,2958)
(1132,1341)
(228,1322)
(2261,853)
(787,2802)
(889,2363)
(3930,3158)
(3774,3445)
(2152,571)
(82,816)
(1080,3964)
(2436,2376)
(1854,3672)
(1374,2761)
(2197,2445)
(3070,2137)
(3332,936)
(2143,548)
(2748,3547)
(3368,915)
(1481,734)
(3144,3499)
(3619,2512)
(3947,447)
(816,1524)
(1447,3961)
(104,556)
(2306,3637)
(1729,3150)
(1136,2838)
(3050,425)
(1068,2206)
(3564,2368)
(3705,345)
(3739,2803)
(423,2017)
(3567,239)
(3701,609)
(3331,2004)
(3016,202)
(3447,404)
(210,2834)
(2405,2427)
(1279,2706)
(1048,2939)
(3223,3092)
(270,1838)
(2282,847)
(3471,2847)
(1548,2384)
(3722,1886)
(2796,3034)
(673,1843)
(2842,890)
(723,2221)
(3187,3432)
(1588,408)
(332,1039)
(2133,1287)
(3543,3091)
(1540,1617)
(1207,1725)
(1334,1987)
(2245,350)
(1234,2187)
(3840,263)
(2959,784)
(3773,3564)
(3491,3804)
(3425,601)
(2709,2272)
(1925,1753)
(2551,2720)
(3094,597)
(1391,3841)
(535,2059)
(1668,73)
(3129,1813)
(1862,708)
(2452,1732)
(2276,1957)
(808,3592)
(1615,2393)
(1004,2693)
(1470,1183)
(1957,2690)
(3490,2518)
(1341,1313)
(3039,2225)
(1238,3267)
(1109,99)
(2113,664)
(3205,3362)
(2246,491)
(3224,3316)
(1071,3814)
(223,1243)
(3370,351)
(1192,2493)
(1366,1835)
(2538,2624)
(3861,3047)
(954,3066)
(459,277)
(3380,1052)
(3056,3192)
(980,446)
(2555,3038)
(491,3488)
(1354,1815)
(310,357)
(2865,2300)
(2257,1180)
(1739,1518)
(56,1469)
(2352,2602)
(3296,3172)
(2823,1073)
(1347,540)
(634,3318)
(2832,897)
(240,3491)
(3136,3281)
(1784,2115)
(721,446)
(3241,2212)
(3155,2696)
(1212,2610)
(443,1426)
(3957,2642)
(2742,1127)
(1514,2380)
(176,1679)
(3036,2168)
(2357,693)
(780,118)
(3400,2378)
(3281,1765)
(2610,3716)
(2570,1280)
(1173,3653)
(1563,1191)
(2642,3586)
(2895,3254)
(1131,1099)
(883,2100)
(490,1179)
(1673,824)
(1290,2618)
(1620,1487)
(225,59)
(224,1488)
(1497,3882)
(217,460)
(3806,2547)
(1236,2685)
(873,1255)
(3203,2147)
(797,3313)
(1097,1123)
(1250,2437)
(3509,41)
(739,3831)
(3937,290)
(2541,3906)
(1411,1729)
(3504,606)
(2056,2197)
(2853,3789)
(3088,2487)
(1789,901)
(3812,1574)
(335,326)
(3772,76)
(865,2332)
(3906,3582)
(2664,1626)
(219,2405)
(2254,1489)
(835,2484)
(590,1129)
(1847,1021)
(533,3843)
(927,2659)
(3633,1935)
(1535,3937)
(292,2593)
(397,3077)
(1653,3243)
(1626,3938)
(218,3946)
(2626,2393)
(33,2211)
(37,3867)
(148,1619)
(776,2108)
(1501,1162)
(2277,434)
(1265,1005)
(1470,1761)
(1545,1150)
(926,1329)
(3391,2505)
(322,3461)
(945,1762)
(209,2808)
(1083,396)
(733,3222)
(3147,3398)
(1461,3909)
(1169,1791)
(1933,2012)
(441,1727)
(2320,3155)
(2479,2677)
(1699,2887)
(3909,474)
(111,2410)
(1254,2006)
(3724,11)
(695,2522)
(3282,2073)
(3495,15)
(614,2406)
(2638,622)
(2222,3573)
(2283,1557)
(2799,1616)
(2289,521)
(471,3879)
(1912,52)
(1408,3396)
(3086,1251)
(1524,3422)
(195,1779)
(3276,614)
(2109,2330)
(1966,3056)
(1086,2944)
(3111,17)
(1557,682)
(2083,655)
(1616,3025)
(972,2093)
(620,1797)
(3330,54)
(1042,3736)
(399,8)
(1056,2650)
(3422,2074)
(635,3634)
(553,2266)
(3610,2070)
(1017,1016)
(2044,1045)
(1100,3411)
(2944,3614)
(681,2151)
(2490,1383)
(1764,3569)
(1423,3434)
(875,342)
(268,2826)
(2688,2878)
(386,534)
(2676,537)
(994,2975)
(1383,2199)
(3801,3321)
(1570,2094)
(1671,1334)
(240,775)
(1849,2649)
(3516,2705)
(942,1918)
(1749,3319)
(1276,3901)
(1074,1380)
(471,476)
(2250,1258)
(2508,3326)
(1199,2093)
(3342,2366)
(3097,2556)
(1422,3454)
(3299,2349)
(2266,3595)
(789,1825)
(2605,1176)
(2592,3506)
(1922,424)
(3545,3247)
(1373,1320)
(3055,1638)
(643,3689)
(255,3110)
(2170,1079)
(3644,1952)
(1818,3069)
(1666,587)
(3044,3552)
(2453,332)
(2690,1274)
(1646,188)
(633,1668)
(646,2397)
(3411,3352)
(3409,648)
(2766,1879)
(1891,1569)
(1052,463)
(561,2064)
(613,713)
(887,2658)
(1981,3487)
(1432,3645)
(2244,2508)
(312,2176)
(2476,1155)
(2785,2752)
(3221,1154)
(977,1053)
(529,1272)
(3711,3360)
(1638,2771)
(3002,192)
(2514,1794)
(2094,2777)
(1211,1453)
(693,1955)
(3646,893)
(2685,2641)
(3521,403)
(708,1923)
(3601,34)
(568,1577)
(1135,2526)
(881,242)
(2837,66)
(2787,2194)
(1989,71)
(3138,963)
(3335,3205)
(594,1689)
(3083,3401)
(1920,1191)
(3888,2820)
(3575,2935)
(1938,1417)
(1894,1875)
(234,2288)
(537,1605)
(1838,156)
(242,1317)
(2134,2751)
(1365,1359)
(230,2571)
(3177,3337)
(2800,1194)
(3912,3404)
(3522,1657)
(2027,1621)
(2765,1967)
(2049,859)
(3732,2652)
(4,2371)
(521,2060)
(1875,3059)
(305,3283)
(3432,141)
(2712,2849)
(2288,1139)
(2268,3216)
(1319,669)
(1272,1958)
(2632,3955)
(821,763)
(3075,3231)
(2921,133)
(1070,2278)
(2241,790)
(2794,2165)
(3219,381)
(1093,2527)
(2547,596)
(704,2594)
(3268,2906)
(1228,724)
(799,3305)
(133,2358)
(1619,2732)
(2165,748)
(2503,3344)
(3862,1573)
(2693,989)
(2744,2183)
(596,2235)
(2978,1701)
(350,2633)
(3423,746)
(2572,1662)
(122,3774)
(1965,3040)
(847,2243)
(1208,1486)
(645,904)
(3576,979)
(1146,2475)
(494,3250)
(866,350)
(3141,2203)
(745,297)
(3714,442)
(247,1049)
(3248,773)
(1827,354)
(2519,3325)
(707,1930)
(956,3954)
(3340,1038)
(413,598)
(2242,3688)
(1774,2219)
(3227,321)
(884,2562)
(532,2770)
(2385,1636)
(429,2884)
(2120,3658)
(2022,2107)
(165,2604)
(1403,3650)
(137,2386)
(2011,3477)
(541,3916)
(3923,1855)
(3134,3274)
(901,1496)
(874,3282)
(267,1232)
(496,2188)
(177,2162)
(272,1133)
(3461,53)
(280,1451)
(1379,2902)
(3374,1252)
(2286,2047)
(659,872)
(2475,2899)
(1117,2520)
(2706,2835)
(3139,2190)
(145,3243)
(3297,1007)
(3881,792)
(44,1392)
(3900,2855)
(361,982)
(1235,2851)
(455,1995)
(557,3849)
(36,2034)
(3766,1641)
(2384,1588)
(1531,951)
(2088,1283)
(3613,372)
(1969,1198)
(2116,2342)
(2700,3560)
(3207,1751)
(19,3925)
(1862,2530)
(1704,2773)
(2064,2623)
(2386,3433)
(728,1723)
(2410,2671)
(1593,64)
(3377,3824)
(2873,1101)
(3376,2900)
(3151,3767)
(127,767)
(3789,1884)
(2199,2090)
(1885,2150)
(2310,2312)
(2783,3105)
(706,757)
(1918,1612)
(3796,2111)
(2090,3851)
(1711,742)
(3467,270)
(2341,2304)
(331,530)
(1256,393)
(1397,513)
(2528,1050)
(2129,806)
(858,244)
(2409,1992)
(3167,588)
(2689,1138)
(1909,785)
(2105,3005)
(353,2408)
(953,2297)
(871,464)
(2366,2987)
(1392,3154)
(1402,444)
(3058,1464)
(2114,1002)
(1082,1475)
(2525,500)
(3283,1849)
(515,3403)
(3891,3793)
(1029,1237)
(2349,1941)
(1657,980)
(928,2949)
(2954,943)
(121,3207)
(3514,1842)
(713,2129)
(215,3572)
(2231,770)
(2377,2609)
(431,2731)
(1607,13)
(2701,1196)
(2559,1584)
(3853,1098)
(3929,1379)
(400,2830)
(3114,2627)
(1497,2265)
(2718,2121)
(3412,3284)
(2962,360)
(2659,2173)
(1686,608)
(1271,764)
(662,910)
(2845,2688)
(1500,3947)
(702,1078)
(3313,2247)
(2603,3391)
(2661,2420)
(1962,775)
(368,3674)
(3090,2923)
(3593,178)
(3394,3202)
(527,1499)
(1226,77)
(3137,2128)
(2461,3746)
(1167,1951)
(436,972)
(1336,3750)
(3549,3537)
(291,279)
(3668,1817)
(1999,1224)
(1227,817)
(3450,1618)
(1873,1890)
(346,2828)
(3883,119)
(77,3574)
(3674,3035)
(2687,3119)
(2061,1789)
(2010,3743)
(1044,2744)
(1466,1887)
(2048,2492)
(1043,1276)
(3212,709)
(3352,1259)
(2220,1277)
(2561,1865)
(461,2528)
(2571,3171)
(396,1153)
(2755,216)
(3790,3241)
(3659,3910)
(2121,2486)
(214,1631)
(748,631)
(3366,1541)
(1142,803)
(216,3273)
(3907,1090)
(1730,3022)
(2365,2620)
(1345,319)
(2586,3847)
(2810,2565)
(843,1077)
(1799,2580)
(400,610)
(631,401)
(2460,1882)
(1299,840)
(3552,3099)
(319,2402)
(3795,3687)
(1404,3252)
(750,1746)
(245,3421)
(1578,2470)
(671,2222)
(1381,2555)
(3858,2570)
(2584,155)
(869,3032)
(2827,2391)
(3292,67)
(3478,2934)
(3325,1292)
(2483,3341)
(3634,3936)
(3381,501)
(488,1111)
(3590,2341)
(1010,3917)
(1491,2415)
(1690,323)
(3171,1042)
(1629,2146)
(1147,2972)
(1468,3055)
(3032,1327)
(412,3486)
(967,2842)
(3086,1614)
(2328,171)
(3565,2695)
(729,2513)
(1670,390)
(533,184)
(3115,2238)
(1106,3334)
(696,1901)
(2779,1939)
(2968,561)
(718,315)
(923,3699)
(932,2854)
(819,1821)
(2238,1375)
(2513,308)
(1694,201)
(3611,3354)
(481,1195)
(794,3142)
(5,3407)
(1078,1391)
(256,50)
(1736,3197)
(2437,130)
(3660,2660)
(3354,1182)
(3649,3063)
(58,488)
(877,3212)
(3426,2417)
(3109,2406)
(2123,3731)
(2534,2989)
(606,2370)
(3518,3307)
(1225,270)
(2890,30)
(594,2418)
(2621,3616)
(2269,1158)
(3536,2694)
(2417,3392)
(2427,750)
(2531,3641)
(419,1108)
(2160,2737)
(2927,994)
(3335,380)
(3623,2819)
(751,3792)
(3834,1840)
(2046,1368)
(2570,3089)
(1773,1798)
(1148,2234)
(1494,468)
(987,2598)
(3145,3164)
(786,3314)
(1860,1448)
(2216,1772)
(1731,771)
(2302,3579)
(2293,2329)
(3785,3712)
(3845,47)
(1258,2729)
(1717,2056)
(1742,2367)
(1141,3750)
(454,2485)
(3953,2600)
(1785,558)
(2840,245)
(51,2516)
(191,437)
(3445,2195)
(2631,1924)
(478,2760)
(2303,2881)
(1892,2301)
(2485,1187)
(185,257)
(1118,2123)
(3006,470)
(587,3249)
(3197,1012)
(1929,236)
(1746,3447)
(3135,2897)
(2308,1824)
(1333,204)
(3525,3483)
(968,3304)
(2749,2390)
(605,465)
(2940,1931)
(283,2102)
(279,1845)
(1617,2399)
(2897,632)
(1591,900)
(1662,1977)
(2578,2872)
(3128,3394)
(3852,3920)
(2919,259)
(1159,1759)
(2292,1513)
(99,2221)
(3391,711)
(595,1511)
(3764,1831)
(1480,2409)
(1841,2021)
(2964,2091)
(2822,3345)
(2140,3836)
(422,1230)
(2157,2351)
(141,1033)
(1663,1078)
(2523,2488)
(2815,908)
(2824,2820)
(1843,1654)
(1089,831)
(2217,3684)
(390,744)
(523,2542)
(1823,665)
(1757,224)
(161,2506)
(358,1409)
(1230,1669)
(2403,3146)
(667,1851)
(1654,3256)
(124,130)
(3570,409)
(1943,229)
(3836,3885)
(3547,2054)
(3847,3853)
(2574,3070)
(3,1308)
(2846,704)
(814,1393)
(2102,3315)
(409,1481)
(231,16)
(941,3356)
(1946,3109)
(15,1009)
(1183,977)
(2831,2503)
(1639,3088)
(3315,423)
(157,2481)
(3273,3009)
(846,2306)
(580,2924)
(856,3435)
(3697,2025)
(3719,2135)
(849,411)
(697,1820)
(3367,1020)
(66,1426)
(168,678)
(853,3208)
(35,2155)
(2402,1546)
(1702,1758)
(3758,439)
(3009,555)
(50,3108)
(3595,4)
(1026,2149)
(919,1783)
(2167,727)
(2025,3140)
(1222,2991)
(417,3350)
(1546,758)
(2414,462)
(3921,1250)
(1648,849)
(851,2251)
(1102,430)
(689,2208)
(1760,2039)
(1778,3842)
(3667,1600)
(3578,1035)
(745,2005)
(1437,3299)
(3345,2011)
(323,1922)
(626,1943)
(2879,1796)
(3473,544)
(1151,2174)
(2807,3260)
(832,1414)
(212,3624)
(87,2016)
(1267,3399)
(886,807)
(2449,2435)
(3735,1347)
(1700,2063)
(1330,861)
(65,304)
(1261,1722)
(1675,869)
(3252,3002)
(348,562)
(1377,1126)
(2834,2816)
(3362,380)
(3059,3332)
(1802,1556)
(1243,1248)
(284,911)
(2752,996)
(2540,2538)
(3220,3607)
(2191,2037)
(1624,2849)
(1126,459)
(1325,2717)
(1752,340)
(128,2474)
(2353,312)
(1818,2088)
(2898,795)
(1178,3073)
(2248,2191)
(1712,2136)
(3658,662)
(1565,1902)
(3254,1211)
(2717,56)
(785,3534)
(3392,2033)
(3372,2241)
(3502,1360)
(302,1994)
(1165,3275)
(2648,1921)
(2859,2080)
(2719,2622)
(1460,2110)
(1489,2750)
(3485,424)
(2033,3136)
(2351,329)
(3875,2262)
(593,1366)
(1708,684)
(583,2478)
(21,3528)
(1923,2674)
(3201,100)
(3210,2396)
(2989,2498)
(2006,3087)
(703,647)
(530,523)
(1820,725)
(582,3762)
(2849,2541)
(1324,2511)
(1417,1961)
(3538,176)
(916,3558)
(3685,1386)
(3782,494)
(3488,1540)
(2928,285)
(1427,978)
(288,642)
(363,1755)
(193,843)
(1958,2837)
(990,1103)
(747,891)
(1798,1071)
(736,504)
(2458,2509)
(299,388)
(1505,3790)
(1782,17)
(1755,1585)
(469,3749)
(732,3439)
(3934,854)
(29,652)
(603,3324)
(401,2216)
(1187,3072)
(506,110)
(1241,586)
(503,1264)
(3533,835)
(2647,1331)
(2450,2231)
(1879,2955)
(3072,1404)
(2425,3353)
(2681,2020)
(939,1576)
(1449,3100)
(511,591)
(1331,3704)
(1595,3681)
(713,212)
(173,681)
(2812,1703)
(3841,5)
(1181,752)
(3589,3856)
(2319,1646)
(2013,2613)
(565,1459)
(303,2670)
(1788,2024)
(1572,592)
(2183,169)
(2014,2175)
(3179,3926)
(3857,137)
(174,1847)
(2153,2370)
(3061,1667)
(80,180)
(1740,3010)
(2189,1692)
(768,3113)
(1577,149)
(2645,158)
(3630,3277)
(2711,145)
(3655,524)
(3213,2052)
(985,875)
(2585,2898)
(3561,956)
(3408,1827)
(1692,2097)
(388,3496)
(853,2764)
(480,3103)
(337,3757)
(171,692)
(1642,2792)
(2966,1664)
(3143,3895)
(2203,1869)
(1099,3737)
(2735,2354)
(545,1184)
(3399,1361)
(317,2892)
(3256,3703)
(2422,2001)
(3103,838)
(2406,810)
(1473,2283)
(3323,2142)
(3703,536)
(1486,2133)
(2280,1472)
(47,2303)
(1896,3133)
(382,1515)
(3886,1086)
(1485,1285)
(734,3003)
(766,2724)
(3191,604)
(763,1633)
(3107,2745)
(3133,2044)
(1857,1532)
(2253,3594)
(943,908)
(2017,94)
(333,2207)
(189,3497)
(376,206)
(534,3223)
(181,1344)
(1378,348)
(1232,1910)
(857,3801)
(3797,3659)
(372,593)
(1520,1678)
(2764,2114)
(2001,3502)
(3792,1214)
(451,2974)
(2972,2543)
(2646,1400)
(1584,1937)
(85,1944)
(2060,1503)
(2240,1260)
(679,789)
(1400,2605)
(1720,2082)
(373,1374)
(60,1881)
(3925,1000)
(1002,3457)
(2859,502)
(3583,2889)
(1154,958)
(1441,1700)
(1387,2041)
(1909,3534)
(2369,2144)
(1659,1571)
(1098,2031)
(3924,1608)
(3121,2535)
(2050,3848)
(97,3503)
(3908,2863)
(2923,159)
(1028,887)
(182,1140)
(2144,1891)
(2454,2635)
(1411,2978)
(876,3897)
(946,1750)
(3095,793)
(1031,3386)
(1674,1658)
(2854,37)
(1153,3515)
(3686,2373)
(2334,2027)
(3420,3049)
(3600,2704)
(3493,1724)
(2092,527)
(1611,3540)
(307,881)
(3737,40)
(526,2401)
(438,3713)
(2682,392)
(542,3512)
(826,1916)
(2287,1647)
(2423,2002)
(2497,3600)
(2960,930)
(1745,1929)
(1469,1856)
(3001,2152)
(388,2085)
(1770,2363)
(3512,3912)
(1537,1945)
(841,1454)
(592,303)
(2169,2215)
(1,2866)
(2969,2914)
(2899,834)
(138,1655)
(3238,1559)
(3675,946)
(2194,876)
(3769,960)
(385,273)
(578,2794)
(1977,324)
(3359,663)
(1994,2845)
(1725,1228)
(3028,1373)
(402,1170)
(3229,1991)
(904,3462)
(1955,3232)
(2512,3378)
(1812,2404)
(78,782)
(2983,2348)
(425,1801)
(3854,1857)
(3249,660)
(523,863)
(1061,443)
(2602,616)
(687,240)
(3948,675)
(2526,2946)
(919,1363)
(2172,1748)
(327,543)
(1437,12)
(2595,1623)
(3914,2336)
(325,2434)
(254,3678)
(1574,2519)
(2524,3342)
(1270,973)
(32,397)
(743,2327)
(3678,2242)
(82,3323)
(3831,1522)
(1598,280)
(2920,1168)
(2463,1504)
(1640,2716)
(2548,743)
(3180,2467)
(1853,3162)
(2643,3322)
(2739,1300)
(2091,541)
(159,3902)
(937,749)
(2981,1888)
(92,177)
(41,2339)
(1625,2879)
(3446,473)
(3329,3630)
(3638,553)
(2808,3298)
(1784,776)
(1319,1652)
(940,1986)
(1185,2795)
(1306,1213)
(3285,1303)
(273,3387)
(2066,2287)
(3730,383)
(1128,3145)
(498,299)
(1604,2458)
(138,3530)
(792,940)
(2397,3278)
(1919,2563)
(1145,3331)
(3627,2105)
(383,1235)
(3729,1396)
(3692,2156)
(2925,2558)
(1482,3017)
(1703,1878)
(1636,3099)
(391,3495)
(680,3397)
(962,3636)
(2299,118)
(1188,2632)
(3530,712)
(48,1969)
(9,3642)
(2518,2331)
(3959,3474)
(981,3963)
(361,127)
(1536,2970)
(54,2597)
(2733,3149)
(2741,2282)
(1445,2210)
(1354,3531)
(1045,1363)
(1269,2619)
(3404,2736)
(244,1044)
(1018,1820)
(179,668)
(3863,1637)
(963,808)
(103,723)
(3815,857)
(1754,199)
(2945,2928)
(3496,906)
(246,1648)
(1876,3295)
(3800,999)
(3321,135)
(2205,2889)
(3210,570)
(2373,3351)
(1884,1385)
(588,313)
(2954,2799)
(3047,2412)
(1439,2293)
(1935,584)
(1114,931)
(1682,2322)
(1316,920)
(1313,1109)
(1562,1210)
(487,922)
(1402,2096)
(2655,2876)
(3437,1876)
(3013,2722)
(2300,2530)
(1825,1405)
(3145,1639)
(2913,515)
(1176,3891)
(2949,2655)
(1431,2167)
(2966,414)
(295,1010)
(1248,650)
(1405,215)
(2623,3080)
(2442,3449)
(2342,1193)
(2881,1535)
(3185,1828)
(2533,641)
(395,1534)
(237,2768)
(1596,2985)
(978,3665)
(30,1606)
(3492,1572)
(1569,456)
(715,424)
(3511,3535)
(264,3220)
(2909,696)
(1035,879)
(3375,2294)
(329,3098)
(1203,208)
(560,3888)
(1627,2871)
(3686,1275)
(3099,1442)
(1978,3400)
(1791,3253)
(3161,3470)
(2421,1175)
(1096,2497)
(1950,58)
(2788,2653)
(3791,1061)
(3190,3953)
(1360,1505)
(71,2461)
(703,3715)
(1063,1332)
(880,3759)
(1175,1500)
(3288,2577)
(1817,1096)
(3277,638)
(1129,2844)
(2637,1381)
(18,2010)
(534,499)
(3093,1407)
(1003,2631)
(3759,2942)
(1652,2526)
(1888,3309)
(859,3672)
(3387,2258)
(3874,2755)
(2107,1625)
(1681,1819)
(184,172)
(1399,2431)
(512,401)
(2340,1142)
(2817,1955)
(341,3044)
(3688,3195)
(3208,3347)
(3695,2504)
(3481,2038)
(574,1927)
(3632,1345)
(520,1085)
(3027,2723)
(612,2343)
(3776,1497)
(2381,3904)
(615,2314)
(1008,1452)
(1197,997)
(2652,3446)
(1632,750)
(198,685)
(370,1298)
(3778,1769)
(3356,3346)
(3779,878)
(2614,1651)
(3889,3559)
(2581,2967)
(1693,2454)
(203,2424)
(1822,3165)
(2522,1419)
(2500,1867)
(345,3667)
(1685,1629)
(3310,247)
(3514,1940)
(120,559)
(2703,2181)
(3884,412)
(2636,1672)
(297,2255)
(2072,3188)
(879,1966)
(2746,1157)
(2958,3115)
(2580,3723)
(1322,926)
(1573,173)
(575,432)
(3158,233)
(3916,1529)
(650,2823)
(1205,1728)
(3035,150)
(1242,3053)
(1249,2994)
(701,168)
(2162,718)
(2743,1764)
(2590,3116)
(1157,819)
(226,325)
(2137,3611)
(221,918)
(3195,762)
(2097,1549)
(1801,195)
(233,3868)
(1252,2804)
(781,455)
(1529,481)
(1554,1735)
(3326,1560)
(772,635)
(2692,651)
(220,138)
(2448,2150)
(2434,1022)
(320,3649)
(628,1117)
(3416,3881)
(2872,3085)
(3463,268)
(2907,1554)
(2354,2086)
(2004,1841)
(2814,560)
(2947,1441)
(510,3428)
(531,2728)
(894,646)
(1683,1548)
(2851,3813)
(2980,2960)
(3563,3443)
(1576,3832)
(3615,116)
(2660,293)
(2198,1590)
(2995,2785)
(1719,2124)
(3721,3711)
(2929,3721)
(1198,153)
(1121,3821)
(860,687)
(3395,3596)
(3046,3803)
(3120,3369)
(1394,785)
(3091,3676)
(2388,2667)
(1493,3563)
(2723,2945)
(3030,2767)
(153,987)
(1015,2938)
(3154,349)
(200,888)
(1840,1812)
(2186,1982)
(3780,3812)
(2653,3127)
(2767,3785)
(3617,1800)
(430,603)
(3923,454)
(3391,1434)
(2210,3161)
(3878,101)
(3827,2979)
(7,756)
(1582,3493)
(1143,1270)
(2164,2983)
(1680,2573)
(3676,1788)
(3825,3870)
(2837,1058)
(3162,2727)
(1335,1030)
(3208,2462)
(3935,2959)
(1871,3200)
(2811,91)
(1758,295)
(2002,3927)
(3526,1844)
(1656,1580)
(204,1356)
(1507,2570)
(3403,3135)
(2117,676)
(1237,2308)
(2566,1186)
(1196,2326)
(404,104)
(2673,422)
(3624,2309)
(2457,1898)
(3126,2789)
(1349,2029)
(2624,292)
(1498,96)
(3320,3734)
(1831,453)
(644,602)
(2313,3275)
(3833,2452)
(1898,2919)
(1696,1185)
(438,266)
(1038,1594)
(1088,3456)
(714,3524)
(756,2271)
(1748,699)
(1278,2836)
(652,3940)
(2065,2838)
(2507,1683)
(3941,726)
(2778,3864)
(3384,2833)
(2862,1479)
(266,129)
(1343,3438)
(3038,3293)
(1790,2586)
(1337,905)
(2999,3768)
(2229,2771)
(812,2650)
(1776,3145)
(156,232)
(2098,841)
(3520,3553)
(769,1656)
(723,3019)
(3882,672)
(3510,1328)
(774,398)
(656,2654)
(3653,3219)
(2771,134)
(3586,3244)
(581,2441)
(1190,3001)
(2942,253)
(3706,3570)
(1079,599)
(2470,1915)
(2337,32)
(1032,1640)
(2008,3760)
(2861,717)
(935,1268)
(2441,1438)
(1780,666)
(253,913)
(3606,2372)
(1281,3182)
(674,3180)
(3760,3151)
(653,1721)
(2290,698)
(2553,1517)
(559,965)
(466,730)
(3293,752)
(1344,680)
(416,755)
(2694,3765)
(1516,109)
(2630,3021)
(2274,1105)
(630,23)
(1941,2901)
(1504,2254)
(3723,715)
(3582,2081)
(803,3697)
(100,3889)
(2035,2465)
(2005,314)
(2093,327)
(2330,3863)
(3932,3302)
(3376,2065)
(2963,1555)
(2784,300)
(257,2226)
(1231,2583)
(197,3623)
(3800,2559)
(2012,2067)
(1513,2596)
(3444,2305)
(2583,2857)
(2714,3263)
(2782,2966)
(2122,2250)
(1762,3482)
(2740,1833)
(1429,3511)
(419,495)
(3145,2711)
(822,1256)
(1551,3170)
(1293,895)
(2146,1240)
(2597,275)
(3272,435)
(2338,1444)
(2510,3297)
(61,2062)
(3515,2083)
(1809,3385)
(528,516)
(2029,1954)
(885,1807)
(2359,2077)
(2362,391)
(3738,1147)
(556,1688)
(1382,844)
(1533,1404)
(3868,2191)
(2615,3096)
(1603,1353)
(3682,966)
(1803,2788)
(3118,2182)
(549,1628)
(3837,350)
(1033,884)
(148,3501)
(3520,218)
(1375,1752)
(3506,218)
(623,2273)
(477,2201)
(3025,728)
(1764,1325)
(2007,3674)
(3602,3355)
(3440,1311)
(2776,2379)
(3664,2907)
(1695,3348)
(1182,812)
(3063,368)
(2174,1712)
(2826,1372)
(3887,2732)
(1971,1436)
(2230,2961)
(440,1097)
(3172,1146)
(1372,1623)
(3011,2360)
(2663,1221)
(462,234)
(3142,3903)
(2737,3210)
(566,2566)
(1655,2765)
(3026,2882)
(2492,1067)
(1960,3178)
(2847,933)
(3498,605)
(38,827)
(2024,363)
(1221,450)
(2554,3479)
(661,294)
(272,857)
(1706,3060)
(834,1836)
(2038,1648)
(258,1728)
(948,3097)
(3178,736)
(1772,747)
(338,2873)
(862,791)
(2273,1666)
(294,469)
(2344,3018)
(647,2403)
(1075,1301)
(328,2977)
(2181,3144)
(343,705)
(3961,703)
(1707,457)
(3754,3152)
(3814,625)
(918,1899)
(3550,3778)
(1274,3270)
(324,3804)
(229,1785)
(1924,2647)
(1945,690)
(3152,3045)
(1874,3604)
(3873,2285)
(275,3628)
(2871,942)
(1217,2904)
(1528,2184)
(84,2840)
(3017,2698)
(3396,3245)
(1928,1595)
(3901,1661)
(3455,1335)
(2686,674)
(2184,2640)
(2725,1602)
(611,2523)
(34,565)
(624,211)
(1467,1456)
(2399,2014)
(3130,2980)
(3049,1696)
(3636,1)
(764,3620)
(2935,3153)
(3386,2338)
(259,80)
(387,3869)
(3418,1094)
(3588,1093)
(129,1339)
(293,3536)
(1007,174)
(1610,3673)
(2819,1421)
(2443,2374)
(3869,1777)
(3964,3377)
(3895,2425)
(1948,2591)
(154,2988)
(86,185)
(508,3064)
(1214,2292)
(2068,1418)
(1551,3427)
(3798,3036)
(1961,1740)
(3150,2227)
(950,2321)
(1917,953)
(389,1730)
(600,223)
(1583,3761)
(2844,1717)
(2908,2689)
(381,2028)
(336,3217)
(143,2433)
(52,2464)
(2455,783)
(340,740)
(3068,3893)
(2284,1780)
(907,809)
(3696,377)
(3174,633)
(3151,3349)
(3538,2719)
(2187,3481)
(3828,1953)
(846,781)
(2679,3042)
(91,1747)
(908,466)
(3885,1896)
(2593,427)
(2883,3312)
(27,298)
(2797,2463)
(1285,2284)
(3051,3606)
(3876,2909)
(992,3795)
(3466,3706)
(175,2148)
(2792,3931)
(998,1620)
(2979,3542)
(3040,2781)
(318,3872)
(1549,370)
(3532,2875)
(540,3882)
(2326,1340)
(1395,3860)
(2196,3655)
(861,3580)
(1525,98)
(1883,2572)
(2031,1675)
(1560,3384)
(2034,1880)
(509,2230)
(907,964)
(1531,1135)
(3279,753)
(415,2158)
(3584,594)
(2791,545)
(2389,589)
(73,1756)
(1495,3333)
(1318,3095)
(2445,1302)
(2335,317)
(1065,3709)
(1302,3585)
(2291,2153)
(2207,3174)
(11,828)
(146,2711)
(3865,3240)
(3651,3780)
(2228,3193)
(3482,2447)
(1814,1491)
(2930,1720)
(3014,2603)
(3240,2639)
(132,2916)
(2599,1975)
(2447,3898)
(1868,846)
(1667,1584)
(1297,3051)
(1808,3808)
(2802,975)
(1446,3093)
(1367,2202)
(1975,3924)
(458,157)
(1080,927)
(3799,3272)
(3673,1236)
(2967,1342)
(25,780)
(2000,2965)
(720,1367)
(1691,2350)
(1042,2890)
(1995,3228)
(3640,644)
(3469,3420)
(464,2952)
(2264,2237)
(543,1839)
(2325,1430)
(3931,1681)
(838,1551)
(1930,1395)
(1768,1390)
(586,2707)
(548,1216)
(2134,2097)
(3089,3686)
(2069,1041)
(1191,815)
(1947,1460)
(625,3745)
(705,3878)
(2704,1704)
(1081,837)
(1069,1462)
(2236,1787)
(1633,1343)
(1723,1611)
(3880,1710)
(1623,2171)
(468,2476)
(3352,2918)
(1112,2248)
(2729,1806)
(3650,3413)
(3902,1279)
(1041,3670)
(2395,1630)
(125,3262)
(2080,156)
(1291,3424)
(2168,2545)
(1512,2997)
(3573,2389)
(2841,181)
(1363,2790)
(2111,2699)
(1172,1048)
(359,1358)
(2262,2969)
(418,3269)
(1415,487)
(1456,1823)
(2297,3480)
(2488,2385)
(2864,2804)
(3148,1424)
(2545,3828)
(1120,385)
(1350,2392)
(3626,3919)
(1952,2256)
(3911,1776)
(1775,2784)
(243,3390)
(183,612)
(1792,3379)
(3327,3840)
(1568,1506)
(795,3359)
(504,3062)
(476,1161)
(3319,46)
(1585,402)
(130,928)
(3749,83)
(3736,2763)
(3029,3258)
(95,3555)
(3251,697)
(3572,186)
(3814,2443)
(3045,3819)
(2730,883)
(2478,3513)
(3194,167)
(976,1015)
(2176,2289)
(2516,3838)
(3350,620)
(3830,3408)
(3819,3914)
(2258,624)
(711,1013)
(3436,2559)
(2148,1561)
(3454,671)
(3850,333)
(1940,1563)
(1184,3905)
(2140,1202)
(3717,1060)
(2089,3834)
(3896,2936)
(1005,2022)
(1867,3892)
(3023,1815)
(3718,222)
(3867,3698)
(854,1255)
(2762,1913)
(3317,371)
(1072,1997)
(2466,961)
(1824,3927)
(1459,825)
(87,3521)
(1428,147)
(2150,2296)
(1067,1925)
(3746,1771)
(2190,3209)
(3339,183)
(3753,3409)
(2185,3668)
(2964,2941)
(1837,1871)
(825,3536)
(1777,2932)
(119,3329)
(1866,3733)
(3788,2539)
(2456,2042)
(1553,1458)
(1510,421)
(930,1565)
(2298,1064)
(1304,3204)
(1900,640)
(2932,1734)
(925,2818)
(951,667)
(462,549)
(14,441)
(833,3657)
(68,1627)
(3639,1205)
(1813,833)
(2115,3956)
(2095,3357)
(1766,2043)
(2708,22)
(519,1104)
(350,526)
(997,3490)
(260,1455)
(2323,3852)
(2805,3707)
(3781,2069)
(2043,2084)
(290,3798)
(2987,1609)
(2781,2480)
(3505,65)
(1816,1412)
(564,3577)
(1869,2738)
(2404,2986)
(3687,1366)
(2480,2045)
(3542,2161)
(1832,3857)
(1688,358)
(3771,1227)
(983,3079)
(2398,617)
(3054,125)
(3166,2870)
(172,2908)
(2486,1207)
(1051,394)
(3690,2456)
(2465,2756)
(1609,874)
(366,3800)
(2415,2079)
(3372,1065)
(1957,3960)
(726,445)
(3605,2328)
(1716,2491)
(505,2057)
(1247,3311)
(2715,2645)
(1741,811)
(957,2749)
(3652,1739)
(1951,2459)
(1327,1116)
(933,1297)
(3486,3351)
(3296,235)
(1756,2193)
(1386,1705)
(1484,807)
(2118,492)
(145,1040)
(1478,531)
(91,1132)
(2858,935)
(2082,2634)
(315,2747)
(1705,1545)
(269,1754)
(1753,29)
(3406,260)
(807,1047)
(170,2075)
(1517,1075)
(949,2695)
(3832,376)
(2576,3782)
(1195,3448)
(1215,3189)
(2539,522)
(2747,2442)
(2856,1744)
(2192,2682)
(675,291)
(2784,2726)
(1805,3335)
(1608,237)
(1597,574)
(2301,478)
(3427,1699)
(1062,111)
(522,2782)
(1413,1351)
(2936,829)
(655,1802)
(3200,2812)
(2418,3610)
(104,1310)
(2020,1066)
(3910,179)
(1472,2710)
(3598,2239)
(3540,1814)
(1511,36)
(3441,1114)
(1108,21)
(817,538)
(3378,1023)
(3019,2896)
(2355,868)
(1284,1121)
(539,735)
(2956,2421)
(3670,105)
(3494,3629)
(871,3643)
(1785,688)
(1356,3423)
(155,929)
(442,3203)
(2234,1427)
(2596,1092)
(2598,288)
(2973,1304)
(1059,1851)
(2431,338)
(1085,3911)
(105,880)
(893,2498)
(2334,949)
(2699,2089)
(771,3255)
(3211,255)
(2201,805)
(2633,2261)
(3453,2886)
(3712,31)
(2182,1970)
(2938,3720)
(1421,3494)
(47,3237)
(2939,1371)
(1555,645)
(1906,3544)
(262,932)
(2021,419)
(3428,479)
(1959,1909)
(1727,869)
(2462,3242)
(3405,72)
(2526,339)
(263,2335)
(663,706)
(1870,1346)
(3894,1717)
(828,3767)
(685,729)
(1200,3415)
(632,3179)
(2390,3905)
(3228,1989)
(1872,3065)
(3580,2510)
(421,1736)
(3890,2926)
(3303,3855)
(1137,187)
(806,2532)
(2738,3229)
(3680,3230)
(890,2381)
(1988,3952)
(3671,2680)
(306,2145)
(3848,97)
(163,786)
(2225,944)
(2023,3726)
(1057,583)
(3618,467)
(2843,3084)
(2680,3694)
(452,882)
(3796,407)
(3964,1695)
(3421,2514)
(1348,1893)
(2318,1897)
(482,1644)
(2867,3876)
(610,2746)
(3234,3194)
(1282,1074)
(686,187)
(261,2100)
(2795,2101)
(2193,580)
(2521,1979)
(1897,701)
(1488,1233)
(1644,1365)
(2996,1007)
(384,3962)
(167,3752)
(142,572)
(187,1220)
(3311,794)
(369,1549)
(986,3578)
(1151,1443)
(1735,2521)
(2950,7)
(3879,1680)
(1552,925)
(1288,20)
(882,3538)
(721,838)
(1579,858)
(93,3008)
(3844,3875)
(131,3561)
(1253,204)
(3250,765)
(3807,719)
(3280,510)
(2469,230)
(3078,346)
(555,1719)
(1138,2407)
(2931,364)
(1645,2628)
(3064,2810)
(2886,1272)
(3474,3120)
(3140,3046)
(2156,1281)
(2175,3959)
(2991,3679)
(2901,919)
(779,3364)
(364,1076)
(758,2388)
(1021,1401)
(710,1552)
(2750,3922)
(432,306)
(3810,1428)
(2363,1312)
(2312,3485)
(1587,3030)
(3618,1984)
(1223,862)
(2038,246)
(3398,3028)
(2255,151)
(3029,3908)
(850,3633)
(1984,493)
(2760,2117)
(2617,3880)
(2658,2209)
(283,140)
(3693,529)
(1414,3567)
(514,1271)
(3037,289)
(3905,2702)
(81,2735)
(601,3825)
(1910,3523)
(3813,3896)
(2347,1254)
(529,170)
(2775,3598)
(311,1832)
(304,3370)
(3599,3775)
(3483,786)
(2188,24)
(2075,899)
(694,89)
(467,3131)
(1722,2992)
(762,1309)
(3000,3375)
(1047,1932)
(3388,1526)
(2627,3287)
(3173,1581)
(571,3106)
(2880,2758)
(1150,2536)
(1932,161)
(89,49)
(414,2457)
(2789,627)
(2848,659)
(1440,1329)
(3222,2998)
(2430,3516)
(3802,1942)
(3643,2947)
(3449,3320)
(1312,1586)
(3434,909)
(3946,3442)
(699,3805)
(966,3935)
(1881,992)
(447,3300)
(2294,3510)
(3654,3261)
(2887,1782)
(1664,1177)
(831,3771)
(2943,2103)
(954,1665)
(1407,2822)
(2030,3690)
(1855,3168)
(2614,820)
(2662,3238)
(3528,1173)
(2525,2050)
(2396,115)
(2103,3520)
(2577,166)
(820,774)
(2825,2780)
(2368,3605)
(115,1926)
(642,581)
(3903,1792)
(2589,1449)
(891,3896)
(3648,2172)
(166,2008)
(24,845)
(2360,132)
(2328,1181)
(2333,1338)
(2128,3551)
(2364,251)
(1275,551)
(1000,3615)
(1956,3437)
(3202,1102)
(2518,3296)
(3308,2000)
(2613,2567)
(1905,2058)
(1338,2630)
(2281,3871)
(1487,471)
(3183,2213)
(2809,952)
(3353,1999)
(3835,1031)
(3904,1446)
(1262,2656)
(3860,1429)
(147,3430)
(888,1492)
(830,269)
(3940,920)
(2575,1530)
(3531,1892)
(3704,2975)
(595,3459)
(1913,2984)
(952,1508)
(343,1445)
(160,1660)
(2889,3175)
(1054,1860)
(2511,882)
(112,3267)
(3459,3932)
(2387,552)
(3612,1231)
(196,2320)
(3231,1174)
(3926,945)
(1858,3873)
(746,1494)
(180,1865)
(931,2888)
(3017,405)
(1455,3037)
(3117,3366)
(598,365)
(690,3023)
(3271,3475)
(2255,1895)
(453,2673)
(222,3054)
(3768,3159)
(3699,3480)
(1865,649)
(3823,498)
(3585,535)
(457,1143)
(3316,1387)
(3647,3950)
(3484,3691)
(1890,2951)
(2641,3593)
(1834,1559)
(1442,2531)
(585,870)
(3637,3522)
(3950,1336)
(1435,2259)
(2142,1171)
(3169,1166)
(536,2615)
(3597,2260)
(235,1423)
(1443,2769)
(1390,1718)
(2101,554)
(2151,2432)
(558,3185)
(1444,1837)
(537,3859)
(1826,2244)
(1171,1124)
(1974,3769)
(2974,3147)
(3946,2614)
(2970,1485)
(3003,2776)
(2769,2196)
(3235,112)
(604,1949)
(3112,3259)
(3497,1348)
(3873,3367)
(1983,3797)
(407,2713)
(618,993)
(3535,1757)
(2906,1403)
(3204,2286)
(3641,2269)
(733,903)
(94,3887)
(286,2472)
(1949,3218)
(3623,1550)
(900,3086)
(2993,2032)
(2327,907)
(3944,1775)
(2878,1433)
(3015,122)
(2379,1908)
(1821,2664)
(2472,1156)
(2124,2663)
(3306,2036)
(1194,1155)
(1737,2508)
(3562,38)
(641,1682)
(1684,1519)
(3803,1960)
(3094,103)
(1277,1087)
(2233,955)
(2667,661)
(3628,197)
(2612,1520)
(1283,923)
(1209,1084)
(2099,74)
(3184,1729)
(3165,677)
(682,2691)
(1701,505)
(3289,2754)
(777,2214)
(2223,823)
(3065,1544)
(74,3754)
(3108,1039)
(3125,2378)
(3066,87)
(742,1037)
(2566,3817)
(2435,1928)
(3127,3844)
(424,2279)
(3004,1244)
(3824,568)
(1037,1217)
(351,1528)
(3041,2607)
(1268,507)
(761,3343)
(1744,1190)
(277,3601)
(2759,3211)
(1650,3954)
(3679,1223)
(2200,1089)
(1055,102)
(3343,2725)
(1180,3575)
(1959,1056)
(2568,75)
(872,1911)
(917,2853)
(3105,452)
(3864,1164)
(607,1357)
(3548,310)
(2677,2007)
(3949,2232)
(1856,387)
(194,196)
(2855,2534)
(3076,1025)
(863,3014)
(1976,301)
(2232,2443)
(1765,1320)
(2914,449)
(3933,3076)
(72,1936)
(1926,670)
(1385,1938)
(367,1575)
(1532,1863)
(958,3015)
(3141,3455)
(449,213)
(2813,2864)
(670,2455)
(3433,2224)
(3489,1370)
(485,576)
(1976,2821)
(1170,1965)
(411,3129)
(3592,2786)
(1889,2877)
(3513,525)
(2727,824)
(3457,3083)
(2224,3206)
(1438,2883)
(576,547)
(1515,160)
(3314,2783)
(3324,1318)
(645,2637)
(2866,121)
(2877,318)
(3021,3532)
(2529,2252)
(2984,2362)
(344,1408)
(1202,3776)
(1280,1804)
(2336,2579)
(2833,1591)
(285,106)
(1590,1468)
(3715,647)
(1295,1671)
(1899,413)
(1301,88)
(1412,3823)
(3322,2035)
(1307,3899)
(2380,1531)
(1149,344)
(2698,472)
(3694,456)
(2734,2524)
(2413,3781)
(2650,1354)
(3871,3208)
(248,3764)
(2716,2072)
(2910,2180)
(3302,3865)
(3698,3518)
(1484,1932)
(749,1249)
(1492,1376)
(999,3425)
(3794,1165)
(3067,657)
(2915,2471)
(3837,1326)
(649,483)
(110,1269)
(1540,1478)
(3298,2599)
(2178,2733)
(2494,1852)
(1289,3862)
(456,575)
(3364,3429)
(1303,1245)
(1878,2692)
(483,1808)
(608,1663)
(1346,333)
(3355,3797)
(2331,2546)
(109,1167)
(2499,2270)
(2132,3122)
(2039,207)
(1244,3137)
(347,2843)
(178,2315)
(3763,934)
(1953,3050)
(1134,1809)
(848,214)
(906,1691)
(3631,2205)
(845,2018)
(76,733)
(1091,322)
(996,1262)
(1124,3740)
(905,3111)
(3096,1912)
(2042,1634)
(3278,3835)
(1090,3646)
(1628,3513)
(1882,205)
(2860,3148)
(1314,1206)
(1967,2380)
(2463,3663)
(737,1946)
(1963,3215)
(479,2160)
(1220,1500)
(3523,2976)
(752,2218)
(3614,1885)
(1621,3301)
(2237,1178)
(3733,272)
(2933,1536)
(3470,2948)
(1613,810)
(1219,2170)
(677,1476)
(3218,839)
(724,3747)
(3747,998)
(355,3151)
(543,2590)
(3472,3184)
(3866,2869)
(813,2933)
(3925,3744)
(3267,3514)
(3247,3081)
(2645,418)
(839,1512)
(1476,3756)
(162,618)
(1541,1295)
(135,953)
(1233,3518)
(3092,3854)
(3777,1046)
(2828,1741)
(2917,2506)
(2073,1084)
(1747,3101)
(2536,1467)
(666,249)
(2585,343)
(2322,1738)
(3104,3945)
(896,2275)
(3211,3667)
(1667,366)
(2770,2356)
(3101,243)
(1972,2990)
(3945,1567)
(3102,2993)
(492,2319)
(2934,1972)
(3438,1708)
(2821,1714)
(1224,3143)
(662,3517)
(1534,1113)
(2768,2611)
(2552,2825)
(1030,2495)
(1293,2740)
(2569,658)
(878,595)
(3280,3414)
(1797,3829)
(140,81)
(2912,3257)
(651,3788)
(2611,971)
(2036,2659)
(2309,2395)
(2070,2943)
(3012,1564)
(1877,800)
(1164,296)
(911,3318)
(3385,3196)
(2015,1072)
(2432,1110)
(3124,1480)
(800,3266)
(2732,2748)
(1351,2648)
(2504,2585)
(1864,766)
(3082,1489)
(3939,636)
(301,1767)
(3709,2587)
(1206,2061)
(2722,3251)
(1781,896)
(2026,1028)
(2558,3124)
(3150,2662)
(767,3948)
(3383,3951)
(1094,3026)
(834,356)
(1291,777)
(1767,1553)
(3587,886)
(3189,1721)
(3731,714)
(796,569)
(8,1859)
(3442,1410)
(3787,689)
(213,798)
(470,3618)
(2798,2666)
(3033,3268)
(2408,1742)
(2888,1711)
(569,1751)
(1370,3700)
(3761,1766)
(798,2708)
(678,416)
(1591,3583)
(2926,3406)
(658,656)
(3895,3186)
(1836,25)
(1538,2861)
(3700,2805)
(3635,2672)
(2209,1770)
(2067,165)
(1880,2087)
(1012,2131)
(2672,1107)
(1163,361)
(3954,2346)
(1352,3727)
(2520,1597)
(3667,3061)
(730,227)
(3872,1457)
(3079,2743)
(3286,2676)
(3007,2)
(2424,2714)
(1381,2963)
(3677,1474)
(899,66)
(14,563)
(270,836)
(1494,2019)
(3818,546)
(3419,3248)
(379,1993)
(1193,3724)
(500,3735)
(3326,3778)
(1174,95)
(377,2917)
(1474,957)
(1851,2957)
(3013,1012)
(960,1604)
