40
(1,31,23 1,18 1,17 1,15 1)
(2,17,14 1,8 1,7 1,14 1)
(3,37,30 1,16 1,28 1,9 1,9 1)
(4,11,13 1,17 1,12 1)
(5,32,3 1,13 1,4 1)
(6,26,19 1,28 1,3 1,4 1)
(7,36,21 1,29 1,30 1,9 1,14 1)
(8,10,9 1,26 1)
(9,29,5 1,16 1,19 1,26 1)
(10,18,26 1,22 1,20 1,4 1,12 1)
(11,35,18 1,6 1)
(12,9,20 1,25 1,4 1,5 1,18 1)
(13,15,12 1,12 1,8 1,3 1)
(14,19,24 1,16 1)
(15,40,8 1,29 1,26 1,4 1,17 1)
(16,7,21 1,25 1,23 1,17 1)
(17,30,22 1,30 1,27 1)
(18,20,10 1,27 1,22 1,30 1,22 1)
(19,38,14 1,14 1,14 1,18 1)
(20,16,10 1,12 1,28 1,28 1,24 1)
(21,21,10 1)
(22,3,26 1,25 1,11 1,22 1)
(23,33,16 1)
(24,14,19 1,21 1,29 1,1 1,6 1)
(25,24,11 1,10 1,4 1)
(26,8,30 1,16 1,11 1,20 1,20 1)
(27,28,23 1)
(28,23,27 1,8 1)
(29,5,24 1,4 1,13 1)
(30,2,23 1,1 1)
(31,12,27 1,26 1,30 1)
(32,27,12 1,22 1)
(33,6,8 1,14 1)
(34,1,5 1,1 1,23 1,26 1)
(35,22,9 1,1 1,19 1)
(36,39,6 1,20 1)
(37,25,23 1,30 1,15 1,15 1,15 1)
(38,34,20 1,30 1,6 1)
(39,13,28 1)
(40,4,19 1,7 1,1 1,13 1)
