40
(1,21,26 1,29 1)
(2,16,20 1,16 1)
(3,3,3 1,22 1,3 1,19 1)
(4,17,17 1)
(5,1,20 1)
(6,8,27 1,20 1)
(7,27,22 1,11 1,24 1)
(8,7,4 1,2 1,7 1)
(9,33,2 1)
(10,10,8 1,5 1)
(11,6,18 1,13 1)
(12,11,1 1)
(13,31,10 1,28 1)
(14,32,20 1)
(15,28,7 1)
(16,13,6 1,6 1,6 1,3 1)
(17,39,25 1,14 1,1 1)
(18,14,28 1,11 1,1 1)
(19,38,12 1,23 1)
(20,34,13 1)
(21,36,10 1)
(22,22,8 1,20 1,28 1)
(23,4,17 1,27 1,13 1)
(24,30,19 1,3 1,19 1,19 1,5 1)
(25,23,23 1,27 1)
(26,35,3 1,2 1,22 1,1 1,9 1)
(27,9,22 1,22 1,10 1)
(28,15,25 1,13 1,16 1)
(29,12,21 1,7 1,16 1,1 1,28 1)
(30,2,16 1,3 1)
(31,20,30 1,6 1,4 1,14 1,20 1)
(32,37,17 1,1 1,10 1,26 1,29 1)
(33,24,1 1,26 1,27 1,26 1)
(34,40,9 1)
(35,18,2 1,29 1,18 1)
(36,29,12 1,14 1,8 1,26 1,20 1)
(37,5,5 1,2 1)
(38,26,11 1,8 1,8 1)
(39,19,5 1,18 1,4 1,7 1,27 1)
(40,25,28 1,1 1)
