100
(1,12,18 1)
(2,26,20 1)
(3,22,3 1,9 1)
(4,29,12 1,15 1)
(5,3,8 1,20 1)
(6,17,20 1)
(7,14,7 1)
(8,13,10 1,10 1)
(9,20,7 1)
(10,25,20 1,14 1)
(11,11,20 1,5 1)
(12,19,19 1,5 1)
(13,10,5 1)
(14,5,19 1)
(15,1,3 1)
(16,7,3 1)
(17,27,19 1,13 1)
(18,2,15 1)
(19,9,9 1)
(20,16,16 1,11 1)
(21,23,5 1)
(22,21,14 1,19 1)
(23,8,6 1,10 1)
(24,15,16 1)
(25,28,10 1)
(26,30,1 1,7 1)
(27,18,2 1)
(28,4,11 1,18 1)
(29,24,7 1,8 1)
(30,6,3 1)
(31,21,13 1,2 1)
(32,21,15 1,19 1)
(33,3,5 1,19 1)
(34,12,12 1)
(35,1,19 1,13 1)
(36,15,16 1)
(37,6,14 1,8 1)
(38,25,3 1,3 1)
(39,14,5 1)
(40,14,2 1)
(41,17,6 1)
(42,13,19 1,19 1)
(43,12,14 1)
(44,28,2 1)
(45,17,17 1,1 1)
(46,21,15 1)
(47,22,5 1,15 1)
(48,25,11 1,9 1)
(49,30,12 1,7 1)
(50,6,14 1,10 1)
(51,4,17 1)
(52,2,20 1,6 1)
(53,27,2 1)
(54,1,9 1)
(55,30,16 1)
(56,25,19 1)
(57,23,14 1)
(58,14,20 1,9 1)
(59,28,5 1,11 1)
(60,30,4 1)
(61,1,13 1,2 1)
(62,12,9 1,2 1)
(63,22,17 1,6 1)
(64,8,6 1,2 1)
(65,23,5 1)
(66,9,16 1,5 1)
(67,11,6 1,5 1)
(68,5,19 1)
(69,29,17 1,11 1)
(70,6,2 1)
(71,30,17 1)
(72,4,11 1)
(73,12,1 1)
(74,7,4 1)
(75,7,5 1,20 1)
(76,30,17 1,4 1)
(77,12,14 1)
(78,14,10 1,9 1)
(79,9,9 1,7 1)
(80,30,16 1)
(81,17,16 1,12 1)
(82,4,3 1)
(83,6,12 1)
(84,29,8 1,14 1)
(85,12,2 1)
(86,9,11 1)
(87,13,19 1)
(88,4,7 1,8 1)
(89,11,9 1)
(90,13,4 1)
(91,10,8 1)
(92,10,9 1)
(93,9,11 1)
(94,28,10 1)
(95,11,8 1)
(96,9,9 1,17 1)
(97,19,6 1)
(98,23,10 1,8 1)
(99,28,16 1,4 1)
(100,29,20 1)
