10
(1,85,24 1,7 5,17 10,18 3,1 1,19 3,30 10,12 6,23 6,21 1,5 7,9 2,8 6,11 7,2 1,13 5,15 6,27 10,3 1,14 1,25 7,26 3)
(2,9094,10 1,5 8,25 4,28 7,20 7,21 4,30 3,27 4,4 9,6 8,29 8,2 2,23 5,1 6,15 6,19 6,26 3,17 7,13 2,7 6,18 10,12 9,16 5,3 5,14 2,9 5)
(3,8017,24 7,21 4,30 6,5 5)
(4,2985,1 8,29 1,8 7,7 1)
(5,7295,24 2,22 9,1 7,11 8,10 4,28 9,14 5,5 1)
(6,10237,21 4,12 5,26 4,18 9,29 2,25 6,4 3,24 1,30 8)
(7,1280,6 8,14 6,8 8,13 3,9 2,4 2,19 2,16 5)
(8,8024,29 7,11 5,3 6,30 9,17 5,1 8,15 9,4 3,13 2,23 4,12 6,22 5,25 6,2 4,21 7,8 5,10 2,26 4,19 4,5 3,16 5,20 3,24 6,18 9,9 4,7 7,28 7,6 10,14 3,27 8)
(9,6023,4 5)
(10,1810,7 5,3 4,27 9,4 3,13 8,23 1,21 3,10 4,15 2,5 7,26 5,14 7,1 3,16 1,22 4,25 10,6 4,19 9,8 3,2 5,11 2,30 9,20 2,12 8)
