10
(1,3379,14 9,18 6,12 6,2 5,7 6,4 7,3 3,15 3,9 4,20 2)
(2,5720,18 5,7 6,22 6,17 9,6 3,28 4,4 9,12 8,26 4,24 8,3 2,13 6,11 4,25 5,10 2,1 8,5 2,21 7,9 3,29 5,27 3,19 8,15 10,20 6,14 9)
(3,4348,11 2,9 7,12 5,25 2,14 5,7 8,29 10,13 3,15 1,1 7,2 7,5 7,26 7,30 9,22 7,28 8,27 5,4 10,16 7,19 6,20 8,17 4,24 1,18 9,6 9,3 7)
(4,7288,5 8,18 5,6 6,23 3,3 8,24 7,16 6,20 4,25 7,19 4,9 8,12 10,17 5,11 4,29 7,4 2,13 3,2 8,15 6,10 5,7 2,28 7,14 6,26 8,21 2)
(5,14352,5 6,27 8,28 5,2 6,20 7,17 10,14 8,30 10,3 3,26 10,21 9,13 5,24 5,1 4,12 8,29 5,8 9,15 9,23 2,4 10,10 3,18 6,9 4,22 9)
(6,12017,7 4,29 4,30 5,24 6,15 8,16 1,14 8,8 6,17 5,22 4,1 3,6 3,23 2,19 10,13 1,18 8,28 4,25 4,26 6,27 10,12 4)
(7,10154,5 10,3 10,1 7,9 3,12 5,21 10)
(8,16155,27 1,22 7,15 8,5 6,16 4,23 4,14 10,7 4,8 8,25 3,18 8,24 10,11 7,19 7,9 10,6 5,4 5,20 9,21 9,12 9,30 2,13 9,2 6,28 4,29 4,3 9,1 6,10 3)
(9,1650,28 4,4 2,25 4,3 10,26 10,24 5,2 7,29 3,19 4,23 5,8 1,6 5,9 3,5 6,10 1,30 9,12 7,20 1,17 2,22 9,21 9,7 1,16 4,13 2,15 2,18 9,14 8,11 1,27 6,1 7)
(10,16551,28 6,13 9,24 10,25 7,23 8,4 7,1 5,8 4,2 9,30 2,11 1,16 8,12 8,14 2,7 5,9 7)
